MEME version 5.5.5 (Thu Sep 14 08:48:04 2023 +1000)

ALPHABET= ACGT

strands: + -

Background letter frequencies (from file `./background'):
A 0.27690 C 0.22310 G 0.22310 T 0.27690 

MOTIF 1 1-AATGAGATGGACTC-STREME-1

letter-probability matrix: alength= 4 w= 14 nsites= 3 E= 5.0e-002
  0.932427	  0.022118	  0.022118	  0.023336	
  0.932427	  0.022118	  0.022118	  0.023336	
  0.023336	  0.022118	  0.022118	  0.932427	
  0.023336	  0.022118	  0.931209	  0.023336	
  0.932427	  0.022118	  0.022118	  0.023336	
  0.023336	  0.022118	  0.931209	  0.023336	
  0.932427	  0.022118	  0.022118	  0.023336	
  0.023336	  0.022118	  0.022118	  0.932427	
  0.023336	  0.022118	  0.931209	  0.023336	
  0.023336	  0.022118	  0.931209	  0.023336	
  0.932427	  0.022118	  0.022118	  0.023336	
  0.023336	  0.931209	  0.022118	  0.023336	
  0.023336	  0.022118	  0.022118	  0.932427	
  0.023336	  0.931209	  0.022118	  0.023336	

MOTIF 2 2-AGGAGGACTTG-STREME-2

letter-probability matrix: alength= 4 w= 11 nsites= 3 E= 5.0e-002
  0.932427	  0.022118	  0.022118	  0.023336	
  0.023336	  0.022118	  0.931209	  0.023336	
  0.023336	  0.022118	  0.931209	  0.023336	
  0.932427	  0.022118	  0.022118	  0.023336	
  0.023336	  0.022118	  0.931209	  0.023336	
  0.023336	  0.022118	  0.931209	  0.023336	
  0.932427	  0.022118	  0.022118	  0.023336	
  0.023336	  0.931209	  0.022118	  0.023336	
  0.023336	  0.022118	  0.022118	  0.932427	
  0.023336	  0.022118	  0.022118	  0.932427	
  0.023336	  0.022118	  0.931209	  0.023336	

MOTIF 3 3-CAGWGKSMKHK-STREME-3

letter-probability matrix: alength= 4 w= 11 nsites= 3 E= 5.0e-002
  0.011778	  0.965280	  0.011163	  0.011778	
  0.965895	  0.011163	  0.011163	  0.011778	
  0.011778	  0.011163	  0.965280	  0.011778	
  0.647856	  0.011163	  0.011163	  0.329817	
  0.011778	  0.011163	  0.965280	  0.011778	
  0.011778	  0.011163	  0.647241	  0.329817	
  0.011778	  0.647241	  0.329202	  0.011778	
  0.647856	  0.329202	  0.011163	  0.011778	
  0.011778	  0.011163	  0.329202	  0.647856	
  0.329817	  0.329202	  0.011163	  0.329817	
  0.011778	  0.011163	  0.647241	  0.329817	

MOTIF 4 4-CATGAAGTTCAG-STREME-4

letter-probability matrix: alength= 4 w= 12 nsites= 3 E= 5.0e-002
  0.023336	  0.931209	  0.022118	  0.023336	
  0.932427	  0.022118	  0.022118	  0.023336	
  0.023336	  0.022118	  0.022118	  0.932427	
  0.023336	  0.022118	  0.931209	  0.023336	
  0.932427	  0.022118	  0.022118	  0.023336	
  0.932427	  0.022118	  0.022118	  0.023336	
  0.023336	  0.022118	  0.931209	  0.023336	
  0.023336	  0.022118	  0.022118	  0.932427	
  0.023336	  0.022118	  0.022118	  0.932427	
  0.023336	  0.931209	  0.022118	  0.023336	
  0.932427	  0.022118	  0.022118	  0.023336	
  0.023336	  0.022118	  0.931209	  0.023336	

